x<- 1:4 ; y<- 6:9

x+y

x>2

x>=2

y==8

x*y

x/y